sample,concentration,curing-time,anisotropy-average,volume-fraction,modulus
1111,5,0,0.228,0.664,677.86
1121,5,30,0.296,0.706,649.98
1131,5,60,0.555,0.853,693.09
1141,5,90,0.896,0.856,873.82
1151,5,120,0.901,0.955,1094.4
1211,10,0,0.496,0.759,893.45
1221,10,30,0.658,0.772,1158.4
1231,10,60,0.892,0.672,906.93
1241,10,90,0.89,0.306,762.21
1311,20,0,0.344,0.422,0.00425
1321,20,30,0.532,0.233,138.17
1331,20,60,0.072,0.302,0.00156
1341,20,90,0.763,0.05,269.09
1411,30,0,0.038,0.744,0.00433
1421,30,30,0.11,0.47,0.0006
1431,30,60,0.068,0.338,0.00286
2111,5,0,0.588,0.882,670.17
2121,5,30,0.874,0.542,0.00191
2131,5,60,0.186,0.966,1326.1
2141,5,90,0.181,0.966,1174.3
2151,5,120,0.863,0.97,1663.0
2211,10,0,0.821,0.666,731.04
2221,10,30,0.222,0.654,355.42
2231,10,60,0.287,0.682,1276.9
2241,10,90,0.25,0.604,1297.3
2251,10,120,0.881,0.477,1099.8
2311,20,0,0.598,0.359,39.799
2321,20,30,0.567,0.502,440.39
2331,20,60,0.665,0.673,1433.3
2341,20,90,0.804,0.415,620.43
2351,20,120,0.803,0.454,471.15
2411,30,0,0.107,0.79,0.00331
2421,30,30,0.416,0.499,322.15
2431,30,60,0.37,0.553,0.0021
2441,30,90,0.656,0.427,581.02
2451,30,120,0.676,0.372,429.89
3111,5,0,0.616,0.95,1448.3
3121,5,30,0.505,0.973,1395.9
3131,5,60,0.745,0.971,1302.4
3141,5,90,0.98,0.975,1669.0
3151,5,120,0.845,0.983,1132.3
3211,10,0,0.677,0.942,1459.3
3221,10,30,0.758,0.922,1116.2
3231,10,60,0.881,0.893,1400.2
3241,10,90,0.898,0.815,606.44
3311,20,0,0.584,0.875,1203.7
3321,20,30,0.663,0.87,940.91
3331,20,60,0.888,0.745,1488.4
3411,30,0,0.527,0.217,76.065
3421,30,30,0.554,0.232,155.13
3431,30,60,0.29,0.125,243.18
4111,5,0,0.714,0.996,1582.6
4121,5,30,0.44,0.996,1807.5
4131,5,60,0.405,0.979,1175.0
4141,5,90,0.824,0.986,1540.3
4151,5,120,0.964,0.997,2285.3
4211,10,0,0.599,0.959,2383.5
4221,10,30,0.521,0.901,1362.8
4231,10,60,0.628,0.873,1507.4
4241,10,90,0.837,0.796,1004.9
4251,10,120,0.88,0.989,1667.2
4311,20,0,0.847,0.428,0.00044
4321,20,30,0.078,0.821,1205.0
4331,20,60,0.787,0.779,1086.3
4341,20,90,0.876,0.316,745.19
4411,30,0,0.749,0.522,0.00046
4421,30,30,0.582,0.681,1077.6
4431,30,60,0.734,0.749,1623.1
4441,30,90,0.859,0.687,1691.5
5111,5,0,0.402,0.997,1288.6
5121,5,30,0.322,0.993,1618.1
5131,5,60,0.772,0.984,1458.8
5141,5,90,0.859,0.987,1455.2
5211,10,0,0.772,0.997,1351.1
5221,10,30,0.731,0.953,738.28
5231,10,60,0.824,0.884,1421.8
5241,10,90,0.853,0.895,648.31
5311,20,0,0.655,0.904,1123.2
5321,20,30,0.562,0.977,1091.3
5331,20,60,0.887,0.797,1287.5
5411,30,0,0.811,0.785,0.00413
5421,30,30,0.808,0.651,0.00354
5431,30,60,0.374,0.585,0.00147
